0,2,2,2,2,2,2,2,2,2,2,2,2,2,2,2,2,2,2,2,2,2,2,2,2,2,2,2,2,2,2,2,2,2,2,2,2,2,2,2,2,2,2,2,2,2,2,2,2,2,2,2,2,2,2,2,2,2,2,2,2,2,2,2,2,2,2,2,2,2,2,2,2,2,2,2,2,2,2,2,2,2,2,2,2,2,2,2,2,2,2,2,2,2,2,2,2,2,2,2,2,2,2,2,2,2,2,2,2,2,2,2,2,2,2,2,2,2,2,2,2,2,2,2,2,2,2,2,2,2,2,2,2,2,2,2,2,2,2,2,2,2,2,2,2,2,2,2,2,2,2,2,2,2,2,2,2,2,2,2,2,2,2,2,2,2,2,2,2,2,2,2,2,2,2,2,2,2,2,2,2,2,2,2,2,2,2,2,2,2,2,2,2,2,2,2,2,2,2,2,2,2,2,2,2,2,2,2,2,2,2,2,2,2,2,2,2,2,2,2,2,2,2,2,2,2,2,2,2,2,2,2,2,2,2,2,2,2,2,2,2,2,2,2,2,2,2,2,2,2,2,2,2,2,2,2,2,2,2,2,2,2,2,2,2,2,2,2,2,2,2,2,2,2,2,2,2,2,2,2,2,2,2,2,2,2,2,2,2,2,2,2,2,2,2,2,2,2,2,2,2,2,2,2,2,2,2,2,2,2,2,2,2,2,2,2,2,2,2,2,2,2,2,2,2,2,2,2,2,2,2,2,2,2,2,2,2,2,2,2,2,2,2,2,2,2,2,2,2,2,2,2,2,2,2,2,2,2,2,2,2,2,2,2,2,2,2,2,2,2,2,2,2,2,2,2,2,2,2,2,2,2,2,2,2,2,2,2,2,2,2,2,2,2,2,2,2,2,2,2,2,2,2,2,2,2,2,2,2,2,2,2,2,2,2,2,2,2,2,2,2,2,2,2,2,2,2,2,2,2,2,2,2,2,2,2,2,2,2,2,2,2,2,2,2,2,2,2,2,2,2,2,2,2,2,2,2,2,2,2,2,2,2,2,2,2,2,2,2,2,2,2,2,2,2,2,2,2,2,2,2,2,2,2,2,2,2,2,2,2,2,2,2,2,2,2,2,2,2,2,2,2,2,2,2,2,2,2,2,2,2,2,2,2,2,2,2,2,2,2,2,2,2,2,2,2,2,2,2,2,2,2,2,2,2,2,2,2,2,2,2,2,2,2,2,2,2,2,2,2,2,2,2,2,2,2,2,2,2,2,2,2,2,2,2,2,2,2,2,2,2,2,2,2,2,2,2,2,2,2,2,2,2,2,2,2,2,2,2,2,2,2,2,2,2,2,2,2,2,2,2,2,2,2,2,2,2,2,2,2,2,2,2,2,2,2,2,2,2,2,2,2,2,2,2,2,2,2,2,2,2,2,2,2,2,2,2,2,2,2,2,2,2,2,2,2,2,2,2,2,2,2,2,2,2,2,2,2,2,2,2,2,2,2,2,2,2,2,2,2,2,2,2,2,2,2,2,2,2,2,2,2,2,2,2,2,2,2,2,2,2,2,2,2,2,2,2,2,2,2,2,2,2,2,2,2,2,2,2,2,2,2,2,2,2,2,2,2,2,2,2,2,2,2,2,2,2,2,2,2,2,2,2,2,2,2,2,2,2,2,2,2,2,2,2,2,2,2,2,2,2,2,2,2,2,2,2,2,2,2,2,2,2,2,2,2,2,2,2,2,2,2,2,2,2,2,2,2,2,2,2,2,2,2,2,2,2,2,2,2,2,2,2,2,2,2,2,2,2,2,2,2,2,2,2,2,2,2,2,2,2,2,2,2,2,2,2,2,2,2,2,2,2,2,2,2,2,2,2,2,2,2,2,2,2,2,2,2,2,2,2,2,2,2,2,2,2,2,2,2,2,2,2,2,2,2,2,2,2,2,2,2,2,2,2,2,2,2,2,2,2,2,2,2,2,2,2,2,2,2,2,2,2,2,2,2,2,2,2,2,2,2,2,2,2,2,2,2,2,2,2,2,2,2,2,2,2,2,2,2,2,2,2,2,3,3,3,3,5,5,5,5,5,5,5,5,5,5,5,5,5,5,5,5,5,5,5,5,5,5,5,5,5,5,5,5,5,5,5,5,5,5,5,5,5,5,5,5,5,5,5,5,5,5,5,5,5,5,5,5,5,5,5,5,5,5,5,5,5,5,5,5,5,5,5,5,5,5,5,5,5,5,5,5,5,5,5,5,5,5,5,5,5,5,5,5,5,5,5,5,5,5,5,5,5,5,5,5,5,5,5,5,5,5,5,5,5,5,5,5,5,5,5,5,5,5,5,5,5,5,5,5,5,5,5,5,5,6,6,6,7,9,10,10,10,11,11,11,11,11,11,11,11,11,11,11,11,11,11,11,11,11,11,11,11,11,11,11,11,11,11,11,11,11,11,11,11,11,11,11,11,11,11,11,11,11,11,11,11,11,11,11,11,11,11,11,12,12,12,12,12,12,12,12,12,12,12,12,12,12,12,12,12,12,12,12,12,12,12,12,13,13,14,14,14,14,14,14,14,14,14,14,14,14,14,14,14,14,14,14,14,14,14,14,14,14,14,14,14,14,14,14,14,14,14,14,14,14,14,14,15,15,15,16,16,16,16,16,16,16,16,16,16,16,16,16,16,17,17,17,17,17,17,17,17,17,17,17,17,17,17,17,17,17,17,17,17,17,17,17,17,17,17,17,17,17,17,17,17,17,17,17,17,17,17,17,17,17,17,18,18,18,18,18,18,18,18,18,18,19,19,19,20,20,20,20,20,20,20,20,20,20,20,20,20,20,20,21,21,22,23,23,23,23,23,23,23,23,23,23,23,23,23,23,24,24,24,24,24,24,24,24,24,24,24,24,24,26,26,26,27,27,28,28,28,28,28,28,28,29,29,29,29,29,29,29,29,29,29,31,31,31,32,32,33,34,34,34,34,34,34,34,34,34,34,34,35,35,35,35,35,35,35,35,35,35,35,35,35,35,35,35,35,36,36,36,36,36,36,36,36,36,36,37,37,37,38,38,38,38,39,39,39,40,40,40,40,40,40,40,40,41,41,42,43,43,44,44,44,44,44,44,44,44,44,44,44,44,44,45,45,45,45,45,45,45,45,45,45,45,45,46,46,46,46,46,46,46,46,46,46,46,46,46,46,46,46,46,46,47,48,48,48,48,49,49,49,50,50,50,51,52,52,52,52,52,52,53,53,53,53,53,53,53,53,53,53,53,53,53,53,53,53,53,53,53,53,53,53,53,53,53,53,53,53,53,53,53,54,54,54,54,54,54,54,54,54,54,54,54,54,54,54,54,54,54,54,54,54,55,55,55,55,55,55,55,55,55,55,55,56,56,56,57,57,57,57,57,57,57,57,57,57,57,57,58,58,58,58,58,58,58,58,58,58,58,58,58,58,58,58,58,58,58,58,58,58,58,58,58,58,58,59,59,59,60,60,60,60,60,60,60,60,60,60,60,60,60,60,60,60,60,60,60,60,60,60,60,60,60,60,60,60,60,60,60,60,60,60,60,60,60,60,60,60,60,60,60,60,60,60,61,61,61,61,61,61,61,62,62,62,62,63,63,63,64,64,64,64,64,64,64,64,64,65,65,65,65,65,66,67,67,68,68,68,69,70,70,70,70,70,70,70,71,71,71,71,71,71,71,71,71,71,71,71,71,71,71,71,71,71,71,71,71,71,72,72,72,72,72,72,72,72,72,72,72,72,72,72,72,72,72,72,72,72,72,72,72,72,72,73,74,74,74,74,74,74,74,74,74,75,75,76,76,76,76,76,76,76,76,76,76,76,76,77,77,77,78,78,78,78,78,79,79,81,81,81,81,81,82,82,82,82,82,83,83,83,83,83,83,83,83,83,83,83,83,83,83,83,83,83,83,83,83,83,83,83,83,84,85,86,86,86,86,86,86,86,86,86,86,86,86,86,86,86,86,86,86,86,86,86,86,86,86,86,86,86,86,86,86,86,86,86,86,86,86,86,86,86,86,86,86,86,86,86,86,86,86,86,86,86,86,86,86,86,86,86,86,86,86,86,86,86,87,87,87,87,87,87,87,87,87,87,87,87,87,88,88,88,88,88,88,88,89,89,89,89,89,89,89,89,89,89,89,89,89,89,89,89,89,89,89,89,89,89,89,89,89,89,89,89,89,89,89,89,89,89,89,89,89,90,90,90,90,90,90,90,90,90,90,90,90,90,90,90,90,90,90,90,90,90,90,90,90,90,90,90,90,90,90,90,91,92,92,93,93,93,93,93,93,93,93,95,95,95,95,97,97,98,99,99,101,101,101,101,102,102,102,102,102,102,102,102,103,103,103,103,103,103,103,103,103,103,103,103,103,103,103,103,103,103,103,103,103,103,103,104,104,104,104,104,104,104,104,104,104,104,104,104,104,104,104,104,104,104,104,105,105,105,105,105,105,105,105,105,105,105,105,105,105,105,105,105,105,105,105,105,105,105,105,105,105,105,105,105,105,105,105,105,105,105,105,106,106,106,106,106,107,107,107,107,107,108,109,109,109,109,109,110,110,110,110,110,110,110,110,110,111,111,112,112,113,113,113,114,114,114,115,115,115,115,115,115,115,115,115,115,115,115,115,115,116,116,116,116,116,117,117,117,117,117,117,117,117,117,118,118,118,119,119,120,123,123,123,123,124,124,124,124,124,124,124,124,125,125,125,125,125,125,125,125,126,126,127,128,128,128,128,128,128,128,128,128,128,128,128,128,128,128,128,128,128,128,128,128,128,128,128,128,128,128,128,129,129,130,130,131,131,131,131,131,131,131,131,131,131,131,131,131,131,131,132,132,132,132,132,132,132,132,132,132,133,133,133,133,133,133,133,133,133,133,133,134,135,135,135,135,135,135,135,135,135,135,136,136,136,136,136,136,136,136,136,136,137,137,137,138,139,141,141,141,141,142,142,142,142,143,143,143,143,143,143,143,143,143,144,144,144,144,144,144,144,144,144,144,144,144,144,145,145,145,146,146,146,146,146,146,146,146,146,146,146,146,146,146,147,147,147,147,147,147,147,147,147,147,147,147,147,148,148,148,148,148,148,148,148,148,148,148,148,149,150,151,152,152,152,152,153,153,153,153,153,153,153,153,153,153,153,154,155,156,156,156,157,158,158,158,158,158,158,158,158,159,159,159,159,159,159,159,159,159,159,159,159,159,159,159,159,159,160,160,160,160,160,160,160,161,161,161,161,161,162,162,162,163,163,163,163,163,164,164,164,165,166,166,166,166,166,166,166,166,166,166,167,168,169,170,170,170,170,170,171,171,171,172,172,172,172,172,172,173,173,173,173,173,173,173,174,174,174,175,176,176,177,177,178,178,178,179,179,179,179,179,181,181,181,181,183,184,184,187,187,187,188,188,188,189,189,191,191,191,192,193,193,194,194,195,195,197,198,199,199,199,199,199,200,201,201,202,203,203,203,203,203,203,205,205,205,205,206,207,207,207,208,208,208,208,209,209,209,209,209,210,210,210,210,210,211,211,211,211,211,212,212,212,214,214,214,214,214,214,214,216,216,216,216,216,216,216,216,216,218,219,221,222,222,222,222,223,223,223,223,223,224,224,224,224,225,226,227,228,228,228,228,228,228,228,230,232,234,234,234,234,234,234,235,236,236,237,237,237,238,239,240,240,244,246,247,249,249,249,249,250,250,250,250,250,250,250,250,251,252,253,255,255,256,256,256,256,258,258,258,258,258,259,259,259,260,260,261,261,261,261,261,263,265,266,267,268,268,268,269,270,271,271,271,272,272,274,274,274,274,274,275,275,275,275,276,276,276,276,276,276,276,278,278,279,279,279,281,282,282,283,284,284,284,285,285,289,289,289,290,291,291,292,292,293,296,297,297,298,298,298,299,299,300,301,301,301,301,301,301,301,301,301,301,301,301,301,301,301,301,301,302,303,303,303,304,304,304,305,305,305,306,306,306,307,307,307,308,309,310,310,311,311,311,311,312,312,312,312,313,313,314,314,314,314,314,314,314,315,316,316,316,317,317,317,318,318,319,320,320,321,321,322,323,324,326,326,327,327,327,328,328,328,328,328,329,331,331,333,333,333,333,334,334,334,335,336,337,339,339,339,339,339,340,342,342,342,343,344,344,345,346,349,350,350,350,351,352,352,353,354,354,354,356,356,357,357,357,358,360,360,360,362,362,362,362,362,363,365,367,367,367,368,368,369,369,369,370,370,370,370,371,371,371,372,374,375,375,376,376,376,377,378,378,378,378,378,380,380,381,381,381,381,381,382,382,382,383,383,383,384,384,385,385,385,385,385,385,385,385,385,385,385,386,386,386,386,387,387,387,387,387,387,388,388,388,388,389,390,390,390,390,390,392,392,392,392,392,393,393,393,393,393,394,394,396,396,396,396,396,396,398,398,398,398,399,399,399,400,401,401,401,402,402,403,403,403,403,405,405,405,406,406,408,409,410,410,410,410,411,412,412,412,412,412,412,412,412,413,413,413,414,415,416,416,416,417,417,418,418,418,418,418,419,419,420,420,420,420,422,422,422,422,422,422,423,424,426,426,427,427,427,427,428,429,430,431,433,433,433,433,433,434,434,435,435,437,438,438,438,438,438,438,439,439,439,439,439,439,439,439,439,439,440,441,441,441,441,441,441,441,441,441,441,441,442,442,443,443,443,443,443,443,443,443,443,444,444,444,444,444,444,444,444,444,444,444,444,444,444,444,447,447,448,451,451,451,451,451,451,451,451,451,452,452,453,454,454,454,454,455,456,456,456,456,456,456,457,457,457,457,457,457,457,457,458,458,458,458,458,459,459,459,459,459,460,460,460,461,461,461,462,462,462,463,464,464,464,464,464,464,464,464,464,465,465,467,467,469,469,472,472,472,474,475,475,475,475,476,477,477,477,477,477,477,477,478,478,478,478,478,478,478,478,478,479,479,480,480,481,481,481,481,481,481,481,481,482,483,483,483,483,483,483,483,483,483,483,483,483,483,483,483,483,483,483,484,485,485,487,488,488,488,488,488,488,489,489,489,489,489,490,491,491,492,492,493,494,494,494,494,494,494,496,496,496,497,498,499,499,499,499,499,499,500,501,501,501,501,501,501,501,501,501,501,501,501,501,501,501,501,501,501,501,501,501,501,501,501,501,502,502,502,502,502,502,502,502,502,502,504,504,505,505,506,507,507,507,507,507,508,508,508,509,510,510,510,510,510,510,510,511,512,512,512,512,513,513,513,513,513,513,513,513,513,513,513,513,514,514,516,516,516,517,517,517,517,517,517,518,518,518,518,518,518,518,518,518,519,520,521,523,524,524,524,524,524,524,524,524,525,525,525,525,525,525,525,525,525,525,525,525,525,526,526,526,526,526,526,526,528,528,528,528,528,528,528,528,528,528,528,528,528,528,528,528,528,528,529,530,530,530,531,531,531,531,531,531,533,533,533,533,534,534,534,534,535,535,535,535,535,535,535,535,535,536,536,536,536,536,536,537,537,538,538,538,538,539,539,539,539,539,539,540,540,544,545,546,546,546,546,546,547,547,547,547,547,547,547,548,548,548,548,549,549,549,549,549,549,549,550,550,550,550,551,551,553,553,553,554,554,555,555,555,555,556,556,556,556,556,557,557,557,557,557,558,558,558,558,558,559,560,560,560,561,561,561,561,561,561,561,561,561,561,561,562,562,562,562,563,563,563,563,563,563,563,564,564,564,564,564,564,564,564,564,564,564,565,565,566,566,566,566,566,566,566,567,567,567,567,567,567,567,567,567,567,567,567,567,567,567,567,567,568,569,569,569,569,570,570,570,570,570,570,570,571,571,571,571,571,571,571,571,571,572,573,573,573,573,573,573,573,573,573,574,574,574,574,575,575,575,575,575,575,575,575,575,575,575,575,575,575,575,575,575,575,575,575,575,575,576,576,576,576,576,577,577,577,577,577,577,577,578,578,578,578,578,578,578,578,578,579,579,579,579,579,579,580,580,580,581,581,581,581,581,582,582,583,584,584,584,584,584,584,584,584,584,584,584,584,584,584,584,584,584,584,584,584,584,584,584,584,584,584,584,584,584,584,585,585,585,585,585,585,585,585,585,585,585,585,585,585,585,585,585,585,586,587,587,587,587,587,587,587,587,588,588,588,588,588,588,588,588,588,588,588,588,588,588,588,588,589,590,590,590,590,591,592,593,593,593,593,593,593,593,593,593,593,593,593,593,593,593,593,593,593,593,593,593,593,593,593,593,593,593,593,593,593,593,593,594,594,594,594,594,594,594,594,595,595,595,595,595,595,595,595,595,595,596,596,596,596,596,596,596,596,596,596,596,596,596,596,596,596,596,596,596,596,596,596,596,596,596,596,596,596,596,596,596,596,596,596,596,596,596,596,596,596,596,596,596,596,596,596,596,596,597,597,597,597,597,597,597,597,597,597,597,597,597,597,598,598,598,598,598,599,599,599,599,599,599,599,599,599,599,599,599,599,599,599,600,600,600,600,600,600,600,600,600,600,600,600,600,600,600,600,600,600,600,600,600,600,600,600,600,600,600,600,600,600,600,600,600,600,600,600,600,601,601,601,602,602,602,602,602,602,602,602,602,602,602,602,603,603,603,603,603,603,603,603,603,603,603,603,603,603,603,603,603,603,603,603,603,603,603,603,603,603,603,603,603,603,603,603,603,604,604,604,604,604,604,604,605,605,605,605,605,605,605,605,605,605,605,605,605,605,606,606,606,606,606,606,606,606,606,606,606,606,606,606,606,606,606,606,606,606,606,606,607,607,607,607,607,607,607,607,607,607,607,607,607,607,608,610,610,610,610,610,610,610,610,610,611,611,611,612,613,614,614,614,614,614,614,614,614,614,614,614,614,614,614,614,614,614,614,614,614,614,614,615,616,616,616,617,617,617,617,618,618,618,618,618,618,618,618,618,618,618,618,618,618,618,618,618,618,618,618,619,619,619,619,619,619,619,619,619,619,619,619,619,619,619,619,619,619,619,619,619,619,620,620,620,620,620,620,620,620,620,620,620,620,620,620,620,621,621,621,621,621,621,621,621,621,621,621,621,621,621,621,621,621,621,621,621,621,621,622,622,622,623,623,623,623,623,623,623,623,623,623,625,626,626,626,626,626,626,626,626,626,626,626,626,627,627,627,627,627,627,627,627,627,627,627,627,627,627,627,627,627,627,627,627,627,627,627,627,627,627,627,627,627,627,627,628,628,628,628,628,629,629,629,629,629,629,629,629,629,629,629,629,629,629,629,629,630,630,630,630,630,630,630,630,631,631,631,631,631,631,631,631,631,631,631,631,631,631,631,631,631,631,631,631,631,631,631,631,631,631,631,631,632,632,632,632,632,632,632,632,632,632,632,632,632,632,633,633,633,633,633,633,633,633,633,633,633,633,633,633,633,633,633,633,633,633,633,633,633,633,633,633,633,633,633,633,633,633,633,633,633,633,633,633,633,633,633,633,633,633,633,633,633,633,633,633,633,633,633,633,633,633,633,633,633,633,633,633,633,633,633,633,633,633,633,633,633,633,633,633,633,633,633,633,633,633,633,633,633,633,633,633,633,633,633,633,633,633,633,634,634,634,634,634,635,635,635,635,635,635,635,635,635,635,635,635,635,635,635,635,635,635,635,635,635,635,635,635,635,635,635,635,635,635,635,635,635,635,635,635,635,635,635,635,635,636,636,636,636,636,636,637,637,637,638,638,638,638,641,641,641,641,641,641,641,641,642,642,642,642,642,642,642,642,642,642,642,642,642,642,642,642,642,643,643,643,643,643,643,643,643,643,643,643,643,643,643,643,643,643,643,643,643,643,643,643,643,643,643,643,643,643,643,643,643,643,643,643,643,643,643,643,643,644,644,644,644,644,644,644,644,644,644,644,644,644,644,644,644,644,644,645,645,645,645,645,645,645,645,645,645,646,646,646,646,646,646,647,647,647,647,647,647,647,647,647,647,647,647,647,647,647,647,647,647,647,647,647,647,647,647,647,647,647,647,648,649,649,649,649,649,649,649,649,650,650,650,650,650,650,650,651,651,652,652,653,653,653,653,653,653,653,653,654,654,654,655,655,655,655,655,655,655,655,656,656,656,656,656,656,656,656,656,656,656,657,657,657,657,657,657,657,657,657,657,657,657,657,657,657,657,657,657,657,657,657,657,657,657,657,657,657,657,657,657,657,657,657,657,657,657,657,657,657,657,657,657,657,657,657,657,657,657,657,657,657,657,657,657,657,657,657,657,657,657,657,657,657,657,657,657,657,657,658,658,658,658,658,658,658,658,658,658,658,658,658,658,658,658,658,658,658,658,658,658,658,658,658,658,659,659,659,659,659,659,659,659,659,659,659,659,659,659,659,659,659,659,659,659,659,659,659,659,659,659,659,659,659,659,659,659,659,659,659,659,659,659,659,659,659,659,659,659,660,660,660,660,660,660,660,660,660,660,660,660,660,660,660,661,661,661,661,661,661,661,661,661,661,661,661,661,661,661,661,661,661,661,662,662,662,662,662,662,662,663,663,663,663,663,663,663,663,663,663,663,663,663,663,663,663,663,663,663,663,663,663,663,663,663,663,663,663,663,664,664,664,664,664,664,664,664,664,664,664,664,664,664,664,664,664,664,664,664,664,664,665,665,665,666,666,666,666,666,667,667,667,667,668,668,668,668,668,668,668,668,668,668,668,668,668,668,668,668,668,668,668,668,668,668,668,668,668,668,668,668,669,669,669,669,669,669,669,669,669,669,669,669,669,669,669,669,671,671,671,671,671,671,671,672,673,673,673,673,673,673,673,673,673,673,673,673,673,673,673,673,673,673,673,673,673,673,673,673,673,673,673,673,673,673,673,673,673,673,673,673,673,673,673,673,673,673,673,673,673,673,673,673,673,673,673,673,673,673,673,673,673,673,673,673,673,673,673,673,673,673,673,673,673,673,673,673,673,673,673,673,673,673,673,673,673,673,673,673,673,673,673,673,673,673,673,674,674,674,674,674,674,674,674,674,674,674,674,674,674,674,674,674,674,674,674,674,674,674,674,675,675,675,675,675,675,675,675,675,675,675,675,675,675,675,675,675,675,675,675,675,675,675,675,675,675,675,675,675,675,675,675,675,675,675,675,676,676,676,676,676,676,676,676,676,676,676,676,676,676,676,677,677,677,677,677,677,677,677,677,677,677,677,677,677,677,677,677,677,677,677,677,677,677,677,677,677,677,678,678,678,678,678,678,678,678,678,678,678,678,678,678,678,678,678,678,678,678,678,678,678,678,678,678,678,678,678,678,678,678,678,678,678,678,678,679,679,679,679,679,679,679,679,679,679,680,680,680,680,680,680,680,681,681,681,681,681,681,681,681,681,681,681,681,681,681,681,681,681,681,681,681,681,681,681,681,681,682,682,682,683,683,683,683,683,683,683,683,683,683,683,683,683,683,683,683,683,683,683,683,683,683,683,683,683,683,683,683,683,683,683,683,683,683,683,683,683,683,683,683,683,683,683,683,683,683,683,683,683,683,683,683,683,683,683,683,683,683,683,683,683,683,683,684,684,684,684,685,685,685,685,685,685,685,685,685,685,685,685,685,685,685,685,685,685,685,685,685,685,685,685,685,685,685,685,685,685,685,685,685,685,685,685,685,685,685,685,685,685,685,685,685,685,685,685,685,685,685,685,685,685,685,685,685,685,685,685,685,685,685,685,685,685,685,685,685,685,685,685,685,685,685,685,685,685,685,685,685,685,685,685,685,685,685,685,685,685,685,685,685,685,685,685,685,685,685,685,685,685,685,685,685,685,685,685,685,685,685,685,685,685,685,685,685,685,685,685,685,685,685,685,685,685,685,685,685,685,685,685,685,685,685,685,685,685,685,685,685,685,685,685,685,685,685,685,685,685,685,685,685,685,685,685,685,685,685,685,685,685,685,685,685,685,685,685,685,686,686,686,686,686,686,686,686,686,686,686,686,686,686,686,686,686,686,687,687,687,687,687,687,688,688,688,688,688,688,688,688,688,688,688,688,688,688,688,688,688,688,688,688,688,688,688,688,688,688,689,689,689,689,689,689,689,689,689,689,689,689,689,689,689,690,690,690,690,690,690,690,690,690,690,690,690,690,690,690,691,691,691,691,691,691,691,691,691,691,691,691,691,691,691,691,691,691,691,691,691,691,691,691,691,691,691,691,691,691,691,691,691,691,691,691,691,691,691,691,691,691,691,691,691,691,691,691,691,691,691,691,691,691,691,691,691,691,691,691,691,691,691,691,691,691,691,691,691,691,691,691,691,691,691,691,691,691,691,691,691,691,691,691,691,691,691,691,691,691,691,691,691,691,691,691,691,691,691,691,691,691,691,691,691,691,691,691,691,691,691,691,691,691,691,691,691,691,691,691,692,692,692,692,692,692,692,692,692,692,692,692,692,692,692,692,692,692,692,692,692,692,692,692,692,692,692,692,692,692,692,692,692,692,692,692,692,692,692,692,692,692,692,692,692,692,692,692,692,692,692,693,693,693,693,693,694,694,694,694,694,695,695,695,695,695,695,695,695,695,695,695,695,695,695,695,695,695,695,695,695,695,695,695,695,695,695,695,695,695,695,695,695,695,695,695,695,695,695,695,695,695,695,695,695,695,695,695,695,695,695,695,695,695,695,695,695,695,695,695,695,695,695,696,696,696,696,696,696,696,696,696,696,696,696,696,696,696,696,696,696,696,696,696,696,696,696,696,696,696,696,696,696,696,696,696,696,696,696,696,696,696,696,696,696,696,696,696,696,696,696,696,696,696,696,696,696,697,697,697,697,697,697,697,697,697,697,697,697,697,697,697,697,697,697,697,697,697,697,697,697,697,697,697,697,697,697,697,697,697,697,697,697,697,697,697,697,697,697,697,697,697,697,697,697,697,697,697,697,697,697,697,697,697,698,698,698,698,698,698,698,698,698,698,698,698,698,698,698,698,698,698,698,698,698,698,698,698,698,698,698,698,698,698,698,698,698,698,698,698,698,698,698,698,698,698,698,698,698,698,698,698,698,698,698,698,698,698,698,698,698,698,698,698,698,698,698,698,698,698,698,698,699,699,699,699,699,699,699,699,699,699,699,699,699,699,699,699,699,699,699,699,699,699,699,699,699,699,699,699,699,699,699,699,699,699,699,699,699,699,699,699,699,699,699,699,699,699,699,700,700,701,701,701,701,701,701,701,701,701,701,701,701,701,701,701,701,701,701,701,701,701,701,701,701,701,701,701,701,701,701,701,701,701,701,702,702,702,702,702,702,702,702,702,702,702,702,702,702,702,702,702,702,702,702,702,702,702,702,702,702,702,702,702,702,702,702,702,702,702,702,702,702,702,702,702,702,702,702,703,703,703,703,703,703,703,703,703,703,703,703,703,703,703,703,703,703,703,703,703,703,703,703,703,703,703,703,703,703,703,703,703,703,703,703,703,703,703,703,703,703,703,703,703,703,703,703,703,703,703,703,703,703,703,703,703,703,703,703,703,703,703,703,703,703,703,703,703,703,703,703,703,703,703,703,703,703,703,703,703,703,703,703,703,703,703,703,703,703,703,703,703,703,703,703,703,703,703,703,703,703,703,703,703,703,703,703,703,703,703,703,703,703,703,703,703,703,703,703,703,703,703,703,703,703,703,703,703,703,703,703,703,703,703,703,703,703,703,703,703,703,703,703,703,703,703,703,703,703,703,703,703,703,703,703,703,703,703,703,703,703,703,703,703,703,703,703,703,703,703,703,704,705,705,705,706,707,707,707,707,707,707,707,707,707,707,707,707,707,707,708,708,708,708,708,708,708,708,709,709,709,709,709,710,710,710,710,710,710,710,710,710,710,710,710,710,710,711,711,711,711,711,711,711,711,711,711,711,711,711,711,711,712,712,712,713,713,713,713,713,713,713,713,713,713,713,713,713,713,713,713,713,713,713,713,713,713,713,715,715,715,716,716,717,717,719,719,719,720,720,720,720,720,722,724,726,727,727,727,727,727,728,728,728,728,728,728,729,729,729,729,731,731,731,732,734,735,735,735,735,735,735,736,739,739,741,741,741,741,741,741,742,743,743,744,745,746,746,747,748,748,748,748,748,749,749,750,750,752,753,754,755,757,757,757,757,758,759,760,760,761,763,764,765,766,766,766,767,768,769,770,771,771,773,773,774,775,776,776,777,779,779,780,780,781,781,782,782,782,782,782,782,782,784,784,784,785,785,788,789,791,792,793,798,799,799,800,800,800,801,801,801,802,804,804,806,806,806,807,807,808,808,810,811,813,813,814,815,815,816,818,819,820,820,820,820,822,823,823,825,825,825,825,827,827,828,831,831,834,835,836,839,841,842,842,842,845,845,845,845,847,847,847,848,849,850,851,853,855,855,856,859,860,860,860,860,861,861,864,865,867,867,869,870,870,871,871,872,874,876,876,878,879,881,883,883,883,885,885,885,885,885,886,887,888,888,888,890,890,890,891,892,895,898,898,898,898,898,899,899,899,899,899,899,902,902,908,909,911,912,912,914,916,917,917,919,920,922,923,924,926,928,930,931,932,933,934,938,939,940,941,941,941,943,945,946,947,949,950,950,952,952,954,954,955,956,958,959,959,959,960,960,962,963,963,965,965,966,968,968,969,969,971,972,974,975,975,975,975,975,975,976,976,976,977,977,977,978,980,980,982,982,983,984,984,985,986,986,987,987,987,989,989,989,989,989,990,992,992,997,999,999,1000,1000,1001,1001,1003,1003,1003,1004,1004,1004,1004,1005,1007,1008,1009,1009,1010,1010,1010,1011,1011,1013,1013,1014,1015,1015,1015,1015,1015,1016,1016,1016,1016,1017,1017,1018,1018,1019,1019,1020,1020,1021,1021,1021,1022,1022,1023,1023,1023,1023,1023,1023,1024,1024,1025,1025,1026,1027,1029,1030,1030,1031,1031,1032,1034,1034,1034,1034,1035,1035,1038,1038,1039,1040,1040,1041,1041,1041,1041,1041,1041,1041,1041,1042,1042,1042,1044,1044,1044,1044,1045,1046,1048,1048,1048,1048,1049,1049,1049,1051,1052,1053,1053,1054,1054,1054,1054,1054,1054,1054,1054,1054,1054,1056,1057,1057,1057,1057,1057,1058,1059,1059,1059,1059,1059,1060,1060,1060,1060,1061,1061,1062,1064,1064,1065,1066,1067,1067,1069,1070,1072,1073,1073,1074,1074,1075,1076,1076,1077,1077,1078,1079,1079,1080,1081,1081,1081,1081,1081,1082,1082,1083,1083,1083,1084,1084,1084,1086,1087,1088,1088,1089,1089,1089,1089,1089,1089,1089,1089,1089,1090,1090,1090,1091,1093,1093,1094,1094,1094,1095,1095,1095,1096,1097,1097,1097,1098,1098,1099,1099,1099,1099,1099,1099,1100,1101,1103,1103,1106,1109,1110,1111,1112,1112,1112,1112,1112,1113,1114,1115,1116,1116,1117,1117,1118,1119,1120,1120,1120,1120,1120,1120,1120,1121,1122,1123,1123,1123,1123,1123,1123,1123,1123,1125,1125,1125,1125,1125,1125,1126,1127,1128,1128,1129,1130,1130,1130,1130,1130,1130,1131,1131,1131,1132,1132,1133,1133,1133,1133,1133,1133,1133,1133,1133,1133,1133,1135,1135,1135,1135,1135,1135,1135,1136,1136,1137,1137,1138,1138,1138,1138,1138,1138,1138,1139,1139,1139,1139,1139,1139,1139,1139,1139,1139,1139,1139,1139,1140,1140,1140,1140,1140,1141,1141,1141,1141,1142,1142,1142,1142,1142,1142,1143,1143,1144,1144,1144,1144,1144,1144,1144,1144,1145,1145,1145,1145,1146,1146,1146,1148,1148,1148,1148,1148,1148,1148,1148,1149,1150,1151,1152,1152,1152,1152,1152,1152,1154,1154,1155,1156,1157,1157,1157,1157,1157,1157,1157,1157,1157,1157,1157,1157,1157,1157,1157,1157,1157,1157,1157,1158,1158,1158,1158,1158,1158,1158,1158,1158,1158,1159,1159,1159,1159,1159,1160,1160,1160,1160,1160,1160,1160,1160,1161,1161,1162,1162,1162,1163,1163,1163,1163,1163,1163,1163,1163,1164,1164,1164,1165,1165,1165,1165,1165,1166,1166,1166,1167,1168,1169,1169,1169,1169,1169,1169,1169,1169,1169,1169,1169,1170,1170,1171,1171,1171,1171,1171,1171,1171,1171,1171,1172,1173,1173,1174,1174,1175,1175,1175,1175,1176,1176,1176,1176,1176,1177,1177,1178,1178,1179,1179,1179,1179,1180,1180,1180,1181,1181,1181,1181,1182,1182,1182,1182,1182,1182,1182,1182,1182,1183,1183,1184,1184,1185,1185,1186,1186,1186,1187,1187,1187,1188,1188,1189,1190,1190,1190,1190,1190,1190,1191,1191,1191,1191,1191,1191,1191,1192,1192,1192,1192,1192,1193,1193,1193,1193,1193,1193,1193,1193,1193,1193,1194,1194,1194,1194,1195,1195,1195,1195,1195,1195,1195,1195,1195,1195,1195,1195,1196,1196,1197,1197,1197,1197,1197,1197,1197,1197,1197,1197,1197,1197,1197,1197,1198,1198,1198,1198,1198,1198,1198,1198,1199,1199,1199,1200,1200,1200,1200,1200,1201,1201,1201,1201,1202,1202,1202,1202,1202,1202,1202,1202,1202,1202,1203,1203,1203,1204,1204,1204,1204,1204,1204,1204,1204,1204,1204,1204,1204,1204,1204,1205,1205,1205,1205,1205,1205,1205,1205,1205,1205,1205,1205,1205,1205,1205,1205,1205,1206,1206,1206,1206,1206,1206,1207,1207,1207,1208,1208,1209,1209,1209,1209,1209,1209,1209,1209,1209,1209,1209,1209,1210,1210,1210,1210,1210,1210,1210,1210,1210,1210,1210,1210,1211,1211,1211,1212,1212,1212,1212,1212,1212,1212,1212,1212,1212,1212,1212,1212,1212,1212,1212,1212,1212,1212,1212,1212,1212,1212,1213,1213,1213,1213,1213,1213,1214,1214,1215,1215,1215,1215,1215,1216,1216,1217,1217,1217,1217,1217,1217,1217,1217,1217,1217,1218,1218,1218,1218,1218,1218,1218,1219,1219,1220,1220,1220,1220,1220,1220,1220,1220,1220,1221,1221,1222,1222,1222,1222,1222,1222,1222,1222,1223,1224,1224,1224,1224,1224,1225,1225,1225,1225,1225,1225,1226,1227,1227,1227,1227,1227,1227,1227,1227,1227,1228,1228,1228,1228,1228,1228,1228,1228,1228,1228,1228,1228,1228,1228,1228,1228,1228,1228,1228,1228,1228,1228,1228,1229,1229,1229,1229,1229,1229,1229,1229,1229,1229,1229,1229,1229,1229,1229,1229,1229,1229,1229,1229,1229,1229,1229,1229,1229,1229,1229,1229,1229,1229,1229,1229,1229,1229,1229,1230,1230,1230,1230,1230,1230,1230,1230,1230,1230,1230,1230,1230,1230,1230,1230,1230,1230,1231,1231,1231,1231,1231,1231,1231,1231,1231,1231,1231,1231,1231,1231,1231,1231,1231,1231,1231,1231,1231,1231,1231,1231,1233,1233,1233,1233,1233,1234,1234,1234,1234,1235,1235,1235,1237,1237,1237,1237,1237,1237,1237,1237,1238,1238,1238,1238,1238,1239,1240,1240,1240,1240,1240,1240,1240,1240,1240,1240,1240,1240,1241,1241,1241,1241,1241,1241,1241,1241,1241,1241,1241,1241,1242,1242,1242,1242,1242,1242,1242,1242,1242,1242,1242,1242,1242,1242,1242,1242,1243,1243,1243,1244,1245,1245,1245,1245,1245,1245,1245,1245,1245,1245,1245,1245,1245,1245,1245,1246,1246,1246,1246,1246,1246,1246,1246,1246,1246,1246,1246,1246,1246,1246,1246,1246,1246,1246,1246,1246,1246,1246,1246,1246,1247,1247,1247,1247,1247,1247,1247,1247,1247,1248,1248,1248,1248,1248,1248,1249,1249,1249,1249,1249,1249,1249,1249,1249,1249,1249,1249,1249,1249,1249,1249,1249,1249,1249,1249,1249,1250,1250,1250,1250,1250,1250,1250,1250,1250,1250,1250,1250,1250,1250,1250,1250,1250,1250,1250,1250,1250,1250,1250,1250,1250,1250,1250,1250,1250,1250,1250,1250,1250,1250,1250,1250,1250,1250,1251,1251,1251,1251,1251,1252,1252,1252,1252,1252,1252,1252,1252,1252,1252,1252,1252,1252,1252,1252,1252,1252,1252,1252,1252,1252,1252,1252,1252,1252,1252,1252,1252,1252,1252,1252,1252,1252,1252,1252,1252,1252,1252,1252,1252,1252,1252,1252,1252,1252,1252,1252,1252,1252,1252,1252,1252,1252,1252,1252,1252,1252,1252,1252,1252,1252,1252,1252,1252,1253,1253,1253,1253,1253,1253,1253,1253,1253,1253,1253,1253,1253,1254,1254,1254,1254,1254,1254,1254,1254,1254,1254,1254,1254,1254,1254,1254,1254,1254,1254,1254,1254,1254,1254,1254,1254,1254,1254,1254,1254,1254,1254,1254,1254,1254,1254,1254,1254,1254,1254,1254,1254,1254,1254,1254,1254,1254,1254,1254,1254,1254,1254,1254,1254,1254,1254,1254,1254,1254,1254,1254,1254,1254,1254,1255,1255,1255,1255,1255,1255,1255,1255,1255,1255,1255,1255,1255,1255,1255,1255,1255,1255,1255,1255,1255,1255,1255,1255,1255,1255,1255,1255,1255,1255,1255,1255,1255,1255,1255,1255,1255,1255,1255,1255,1255,1255,1255,1255,1256,1256,1256,1257,1257,1257,1257,1257,1257,1257,1257,1257,1257,1257,1257,1258,1258,1258,1258,1258,1258,1258,1258,1258,1258,1258,1258,1258,1258,1258,1258,1258,1258,1258,1258,1258,1258,1258,1258,1258,1258,1258,1258,1258,1259,1259,1259,1259,1259,1259,1259,1259,1259,1259,1259,1259,1259,1259,1259,1259,1259,1259,1259,1259,1259,1259,1259,1259,1259,1259,1259,1259,1259,1259,1259,1259,1259,1259,1259,1259,1259,1259,1259,1259,1259,1259,1259,1259,1260,1260,1260,1260,1260,1261,1261,1261,1261,1261,1261,1261,1261,1261,1261,1261,1261,1261,1261,1261,1261,1261,1261,1261,1261,1261,1261,1261,1261,1261,1261,1261,1261,1261,1261,1261,1261,1261,1261,1261,1261,1261,1261,1261,1261,1261,1261,1261,1261,1261,1261,1262,1262,1262,1262,1262,1262,1262,1262,1262,1262,1262,1262,1262,1262,1262,1262,1262,1262,1262,1262,1262,1262,1262,1262,1262,1262,1262,1262,1262,1262,1262,1262,1262,1263,1263,1263,1263,1263,1263,1263,1263,1263,1263,1263,1263,1263,1263,1263,1263,1263,1263,1263,1263,1263,1263,1263,1263,1263,1263,1263,1263,1263,1263,1263,1263,1263,1263,1263,1263,1263,1263,1263,1263,1263,1263,1263,1263,1263,1263,1263,1263,1263,1263,1263,1263,1263,1263,1263,1263,1263,1263,1263,1263,1263,1263,1263,1263,1263,1263,1263,1263,1263,1264,1264,1264,1264,1264,1264,1264,1264,1264,1264,1264,1264,1264,1264,1264,1265,1265,1265,1265,1265,1265,1265,1265,1265,1265,1265,1265,1265,1265,1265,1265,1265,1265,1265,1265,1265,1265,1265,1265,1265,1265,1265,1265,1265,1265,1265,1265,1265,1265,1265,1265,1265,1265,1265,1265,1265,1265,1265,1266,1266,1266,1266,1266,1266,1266,1266,1266,1266,1266,1266,1267,1267,1267,1267,1267,1267,1268,1268,1268,1268,1268,1268,1268,1268,1268,1268,1269,1269,1269,1269,1269,1269,1269,1269,1269,1269,1269,1269,1269,1269,1269,1269,1269,1270,1270,1270,1270,1270,1270,1270,1270,1270,1270,1270,1270,1270,1270,1270,1270,1270,1270,1270,1270,1270,1270,1270,1270,1270,1270,1270,1270,1270,1270,1270,1270,1270,1270,1270,1270,1270,1270,1270,1270,1270,1270,1270,1270,1270,1270,1270,1270,1270,1270,1270,1270,1270,1270,1270,1270,1270,1270,1270,1270,1270,1270,1270,1270,1270,1270,1270,1270,1270,1270,1270,1270,1270,1270,1270,1270,1270,1270,1270,1270,1270,1270,1270,1270,1270,1270,1270,1270,1270,1270,1270,1271,1271,1271,1271,1272,1272,1272,1272,1272,1272,1272,1272,1272,1272,1272,1272,1272,1272,1272,1272,1272,1272,1272,1272,1272,1272,1272,1272,1272,1272,1272,1272,1272,1272,1272,1272,1272,1272,1272,1272,1272,1272,1272,1272,1272,1272,1272,1272,1272,1272,1272,1272,1272,1272,1272,1272,1272,1272,1272,1272,1272,1272,1272,1272,1272,1272,1272,1272,1272,1272,1272,1272,1272,1272,1272,1272,1272,1272,1272,1272,1272,1272,1272,1272,1272,1272,1273,1273,1273,1273,1273,1273,1273,1273,1273,1273,1273,1273,1273,1273,1273,1273,1273,1273,1273,1273,1273,1273,1273,1273,1273,1273,1273,1273,1273,1273,1273,1273,1273,1273,1273,1273,1273,1273,1273,1273,1273,1273,1273,1273,1273,1273,1273,1273,1273,1273,1273,1273,1273,1273,1273,1273,1273,1273,1273,1273,1273,1273,1273,1273,1273,1273,1273,1273,1273,1273,1273,1273,1273,1273,1273,1273,1273,1273,1273,1273,1273,1273,1273,1273,1273,1273,1273,1273,1273,1273,1273,1273,1273,1273,1273,1273,1273,1273,1273,1273,1273,1273,1273,1273,1273,1273,1273,1273,1273,1273,1273,1273,1273,1273,1273,1273,1273,1273,1273,1273,1273,1273,1273,1273,1273,1273,1273,1273,1273,1273,1273,1273,1273,1273,1273,1273,1273,1273,1273,1273,1273,1273,1273,1273,1273,1273,1273,1273,1273,1273,1273,1273,1273,1273,1273,1273,1273,1273,1273,1273,1273,1273,1273,1273,1273,1273,1273,1273,1273,1273,1273,1273,1273,1273,1273,1273,1273,1273,1273,1273,1273,1273,1273,1273,1273,1273,1273,1273,1273,1273,1273,1273,1273,1273,1273,1273,1273,1273,1273,1273,1273,1273,1273,1273,1273,1273,1273,1273,1273,1273,1273,1273,1273,1273,1273,1273,1273,1273,1273,1273,1273,1273,1273,1273,1273,1273,1273,1273,1273,1273,1273,1273,1273,1273,1273,1273,1273,1273,1273,1273,1273,1273,1273,1273,1273,1273,1273,1273,1273,1273,1273,1273,1273,1273,1273,1273,1273,1273,1273,1273,1273,1273,1273,1273,1273,1273,1273,1273,1273,1273,1273,1273,1273,1273,1273,1273,1273,1273,1273,1273,1273,1273,1273,1273,1273,1273,1273,1273,1273,1273,1273,1273,1273,1273,1273,1273,1273,1274,1274,1274,1274,1274,1274,1274,1274,1274,1274,1274,1274,1274,1274,1274,1274,1274,1274,1274,1274,1274,1274,1274,1274,1274,1274,1274,1274,1274,1274,1274,1274,1274,1274,1274,1274,1274,1274,1274,1274,1274,1274,1274,1274,1274,1274,1274,1274,1274,1274,1274,1274,1274,1274,1274,1274
